JPEG quantization tables and derived coefficient rankings for q92pm1

Sampling factor used for derivation: 2x2,1x1,1x1
Source encoder: ImageMagick/libjpeg standard tables
Weighting rule: triangular weighting centered on the target quality
Tie-break for equal weighted averages: lower center-quality value, then lower JPEG zigzag slot

Weights by quality
Q91: 1
Q92: 2
Q93: 1

Q91 luma table (JPEG DQT / zigzag slot order)
 3  2  2  3  2  2  3  3
 2  3  3  3  3  3  4  7
 5  4  4  4  4  9  6  7
 5  7 10  9 11 11 10  9
10 10 12 13 17 14 12 12
16 12 10 10 14 20 15 16
17 18 19 19 19 11 14 20
22 20 18 22 17 18 19 18

Q91 chroma table (JPEG DQT / zigzag slot order)
 3  3  3  4  4  4  8  5
 5  8 18 12 10 12 18 18
18 18 18 18 18 18 18 18
18 18 18 18 18 18 18 18
18 18 18 18 18 18 18 18
18 18 18 18 18 18 18 18
18 18 18 18 18 18 18 18
18 18 18 18 18 18 18 18

Q92 luma table (JPEG DQT / zigzag slot order)
 3  2  2  2  2  2  3  2
 2  2  3  3  3  3  4  6
 4  4  4  4  4  8  6  6
 5  6  9  8 10 10  9  8
 9  9 10 12 15 12 10 11
14 11  9  9 13 17 13 14
15 16 16 17 16 10 12 18
19 18 16 19 15 16 16 16

Q92 chroma table (JPEG DQT / zigzag slot order)
 3  3  3  4  3  4  8  4
 4  8 16 11  9 11 16 16
16 16 16 16 16 16 16 16
16 16 16 16 16 16 16 16
16 16 16 16 16 16 16 16
16 16 16 16 16 16 16 16
16 16 16 16 16 16 16 16
16 16 16 16 16 16 16 16

Q93 luma table (JPEG DQT / zigzag slot order)
 2  2  2  2  2  1  2  2
 2  2  3  2  2  3  3  6
 4  3  3  3  3  7  5  5
 4  6  8  7  9  8  8  7
 8  8  9 10 13 11  9 10
12 10  8  8 11 15 11 12
13 14 14 15 14  9 11 16
17 16 14 17 13 14 14 14

Q93 chroma table (JPEG DQT / zigzag slot order)
 2  3  3  3  3  3  7  4
 4  7 14  9  8  9 14 14
14 14 14 14 14 14 14 14
14 14 14 14 14 14 14 14
14 14 14 14 14 14 14 14
14 14 14 14 14 14 14 14
14 14 14 14 14 14 14 14
14 14 14 14 14 14 14 14

Derived luma ranking
rank slot natural_index (x,y) center weighted_average values
 0  5  2 (2,0)  2 1.750000 Q91=2 Q92=2 Q93=1
 1  1  1 (1,0)  2 2.000000 Q91=2 Q92=2 Q93=2
 2  2  8 (0,1)  2 2.000000 Q91=2 Q92=2 Q93=2
 3  4  9 (1,1)  2 2.000000 Q91=2 Q92=2 Q93=2
 4  8 17 (1,2)  2 2.000000 Q91=2 Q92=2 Q93=2
 5  3 16 (0,2)  2 2.250000 Q91=3 Q92=2 Q93=2
 6  7 10 (2,1)  2 2.250000 Q91=3 Q92=2 Q93=2
 7  9 24 (0,3)  2 2.250000 Q91=3 Q92=2 Q93=2
 8  0  0 (0,0)  3 2.750000 Q91=3 Q92=3 Q93=2
 9  6  3 (3,0)  3 2.750000 Q91=3 Q92=3 Q93=2
10 11 25 (1,3)  3 2.750000 Q91=3 Q92=3 Q93=2
11 12 18 (2,2)  3 2.750000 Q91=3 Q92=3 Q93=2
12 10 32 (0,4)  3 3.000000 Q91=3 Q92=3 Q93=3
13 13 11 (3,1)  3 3.000000 Q91=3 Q92=3 Q93=3
14 14  4 (4,0)  4 3.750000 Q91=4 Q92=4 Q93=3
15 17 19 (3,2)  4 3.750000 Q91=4 Q92=4 Q93=3
16 18 26 (2,3)  4 3.750000 Q91=4 Q92=4 Q93=3
17 19 33 (1,4)  4 3.750000 Q91=4 Q92=4 Q93=3
18 20 40 (0,5)  4 3.750000 Q91=4 Q92=4 Q93=3
19 16 12 (4,1)  4 4.250000 Q91=5 Q92=4 Q93=4
20 24 27 (3,3)  5 4.750000 Q91=5 Q92=5 Q93=4
21 22 41 (1,5)  6 5.750000 Q91=6 Q92=6 Q93=5
22 23 34 (2,4)  6 6.000000 Q91=7 Q92=6 Q93=5
23 15  5 (5,0)  6 6.250000 Q91=7 Q92=6 Q93=6
24 25 20 (4,2)  6 6.250000 Q91=7 Q92=6 Q93=6
25 21 48 (0,6)  8 8.000000 Q91=9 Q92=8 Q93=7
26 27  6 (6,0)  8 8.000000 Q91=9 Q92=8 Q93=7
27 31 28 (4,3)  8 8.000000 Q91=9 Q92=8 Q93=7
28 26 13 (5,1)  9 9.000000 Q91=10 Q92=9 Q93=8
29 30 21 (5,2)  9 9.000000 Q91=10 Q92=9 Q93=8
30 32 35 (3,4)  9 9.000000 Q91=10 Q92=9 Q93=8
31 33 42 (2,5)  9 9.000000 Q91=10 Q92=9 Q93=8
32 42 15 (7,1)  9 9.000000 Q91=10 Q92=9 Q93=8
33 43 23 (7,2)  9 9.000000 Q91=10 Q92=9 Q93=8
34 29 14 (6,1) 10 9.750000 Q91=11 Q92=10 Q93=8
35 28  7 (7,0) 10 10.000000 Q91=11 Q92=10 Q93=9
36 53 31 (7,3) 10 10.000000 Q91=11 Q92=10 Q93=9
37 34 49 (1,6) 10 10.250000 Q91=12 Q92=10 Q93=9
38 38 43 (3,5) 10 10.250000 Q91=12 Q92=10 Q93=9
39 39 36 (4,4) 11 11.000000 Q91=12 Q92=11 Q93=10
40 41 22 (6,2) 11 11.000000 Q91=12 Q92=11 Q93=10
41 35 56 (0,7) 12 11.750000 Q91=13 Q92=12 Q93=10
42 37 50 (2,6) 12 12.250000 Q91=14 Q92=12 Q93=11
43 54 39 (7,4) 12 12.250000 Q91=14 Q92=12 Q93=11
44 44 30 (6,3) 13 12.750000 Q91=14 Q92=13 Q93=11
45 46 44 (4,5) 13 13.000000 Q91=15 Q92=13 Q93=11
46 40 29 (5,3) 14 14.000000 Q91=16 Q92=14 Q93=12
47 47 51 (3,6) 14 14.000000 Q91=16 Q92=14 Q93=12
48 36 57 (1,7) 15 15.000000 Q91=17 Q92=15 Q93=13
49 48 58 (2,7) 15 15.000000 Q91=17 Q92=15 Q93=13
50 60 47 (7,5) 15 15.000000 Q91=17 Q92=15 Q93=13
51 49 59 (3,7) 16 16.000000 Q91=18 Q92=16 Q93=14
52 58 61 (5,7) 16 16.000000 Q91=18 Q92=16 Q93=14
53 61 55 (7,6) 16 16.000000 Q91=18 Q92=16 Q93=14
54 63 63 (7,7) 16 16.000000 Q91=18 Q92=16 Q93=14
55 50 52 (4,6) 16 16.250000 Q91=19 Q92=16 Q93=14
56 52 38 (6,4) 16 16.250000 Q91=19 Q92=16 Q93=14
57 62 62 (6,7) 16 16.250000 Q91=19 Q92=16 Q93=14
58 51 45 (5,5) 17 17.000000 Q91=19 Q92=17 Q93=15
59 45 37 (5,4) 17 17.250000 Q91=20 Q92=17 Q93=15
60 55 46 (6,5) 18 18.000000 Q91=20 Q92=18 Q93=16
61 57 60 (4,7) 18 18.000000 Q91=20 Q92=18 Q93=16
62 56 53 (5,6) 19 19.250000 Q91=22 Q92=19 Q93=17
63 59 54 (6,6) 19 19.250000 Q91=22 Q92=19 Q93=17

Derived luma preset natural-index order
[2, 1, 8, 9, 17, 16, 10, 24, 0, 3, 25, 18, 32, 11, 4, 19, 26, 33, 40, 12, 27, 41, 34, 5, 20, 48, 6, 28, 13, 21, 35, 42, 15, 23, 14, 7, 31, 49, 43, 36, 22, 56, 50, 39, 30, 44, 29, 51, 57, 58, 47, 59, 61, 55, 63, 52, 38, 62, 45, 37, 46, 60, 53, 54]

Derived chroma ranking from the first 16 JPEG chroma zigzag slots
rank slot natural_index (x,y) center weighted_average values
 0  0  0 (0,0)  3 2.750000 Q91=3 Q92=3 Q93=2
 1  1  1 (1,0)  3 3.000000 Q91=3 Q92=3 Q93=3
 2  2  4 (0,1)  3 3.000000 Q91=3 Q92=3 Q93=3
 3  4  5 (1,1)  3 3.250000 Q91=4 Q92=3 Q93=3
 4  3  8 (0,2)  4 3.750000 Q91=4 Q92=4 Q93=3
 5  5  2 (2,0)  4 3.750000 Q91=4 Q92=4 Q93=3
 6  7  6 (2,1)  4 4.250000 Q91=5 Q92=4 Q93=4
 7  8  9 (1,2)  4 4.250000 Q91=5 Q92=4 Q93=4
 8  6  3 (3,0)  8 7.750000 Q91=8 Q92=8 Q93=7
 9  9 12 (0,3)  8 7.750000 Q91=8 Q92=8 Q93=7
10 12  7 (3,1)  9 9.000000 Q91=10 Q92=9 Q93=8
11 11 10 (2,2) 11 10.750000 Q91=12 Q92=11 Q93=9
12 13 11 (3,2) 11 10.750000 Q91=12 Q92=11 Q93=9
13 10 13 (1,3) 16 16.000000 Q91=18 Q92=16 Q93=14
14 14 14 (2,3) 16 16.000000 Q91=18 Q92=16 Q93=14
15 15 15 (3,3) 16 16.000000 Q91=18 Q92=16 Q93=14

Derived chroma preset natural-index order
[0, 1, 4, 5, 8, 2, 6, 9, 3, 12, 7, 10, 11, 13, 14, 15]

Derived chroma ranking over all 64 JPEG chroma zigzag slots
rank slot natural_index (x,y) center weighted_average values
 0  0  0 (0,0)  3 2.750000 Q91=3 Q92=3 Q93=2
 1  1  1 (1,0)  3 3.000000 Q91=3 Q92=3 Q93=3
 2  2  8 (0,1)  3 3.000000 Q91=3 Q92=3 Q93=3
 3  4  9 (1,1)  3 3.250000 Q91=4 Q92=3 Q93=3
 4  3 16 (0,2)  4 3.750000 Q91=4 Q92=4 Q93=3
 5  5  2 (2,0)  4 3.750000 Q91=4 Q92=4 Q93=3
 6  7 10 (2,1)  4 4.250000 Q91=5 Q92=4 Q93=4
 7  8 17 (1,2)  4 4.250000 Q91=5 Q92=4 Q93=4
 8  6  3 (3,0)  8 7.750000 Q91=8 Q92=8 Q93=7
 9  9 24 (0,3)  8 7.750000 Q91=8 Q92=8 Q93=7
10 12 18 (2,2)  9 9.000000 Q91=10 Q92=9 Q93=8
11 11 25 (1,3) 11 10.750000 Q91=12 Q92=11 Q93=9
12 13 11 (3,1) 11 10.750000 Q91=12 Q92=11 Q93=9
13 10 32 (0,4) 16 16.000000 Q91=18 Q92=16 Q93=14
14 14  4 (4,0) 16 16.000000 Q91=18 Q92=16 Q93=14
15 15  5 (5,0) 16 16.000000 Q91=18 Q92=16 Q93=14
16 16 12 (4,1) 16 16.000000 Q91=18 Q92=16 Q93=14
17 17 19 (3,2) 16 16.000000 Q91=18 Q92=16 Q93=14
18 18 26 (2,3) 16 16.000000 Q91=18 Q92=16 Q93=14
19 19 33 (1,4) 16 16.000000 Q91=18 Q92=16 Q93=14
20 20 40 (0,5) 16 16.000000 Q91=18 Q92=16 Q93=14
21 21 48 (0,6) 16 16.000000 Q91=18 Q92=16 Q93=14
22 22 41 (1,5) 16 16.000000 Q91=18 Q92=16 Q93=14
23 23 34 (2,4) 16 16.000000 Q91=18 Q92=16 Q93=14
24 24 27 (3,3) 16 16.000000 Q91=18 Q92=16 Q93=14
25 25 20 (4,2) 16 16.000000 Q91=18 Q92=16 Q93=14
26 26 13 (5,1) 16 16.000000 Q91=18 Q92=16 Q93=14
27 27  6 (6,0) 16 16.000000 Q91=18 Q92=16 Q93=14
28 28  7 (7,0) 16 16.000000 Q91=18 Q92=16 Q93=14
29 29 14 (6,1) 16 16.000000 Q91=18 Q92=16 Q93=14
30 30 21 (5,2) 16 16.000000 Q91=18 Q92=16 Q93=14
31 31 28 (4,3) 16 16.000000 Q91=18 Q92=16 Q93=14
32 32 35 (3,4) 16 16.000000 Q91=18 Q92=16 Q93=14
33 33 42 (2,5) 16 16.000000 Q91=18 Q92=16 Q93=14
34 34 49 (1,6) 16 16.000000 Q91=18 Q92=16 Q93=14
35 35 56 (0,7) 16 16.000000 Q91=18 Q92=16 Q93=14
36 36 57 (1,7) 16 16.000000 Q91=18 Q92=16 Q93=14
37 37 50 (2,6) 16 16.000000 Q91=18 Q92=16 Q93=14
38 38 43 (3,5) 16 16.000000 Q91=18 Q92=16 Q93=14
39 39 36 (4,4) 16 16.000000 Q91=18 Q92=16 Q93=14
40 40 29 (5,3) 16 16.000000 Q91=18 Q92=16 Q93=14
41 41 22 (6,2) 16 16.000000 Q91=18 Q92=16 Q93=14
42 42 15 (7,1) 16 16.000000 Q91=18 Q92=16 Q93=14
43 43 23 (7,2) 16 16.000000 Q91=18 Q92=16 Q93=14
44 44 30 (6,3) 16 16.000000 Q91=18 Q92=16 Q93=14
45 45 37 (5,4) 16 16.000000 Q91=18 Q92=16 Q93=14
46 46 44 (4,5) 16 16.000000 Q91=18 Q92=16 Q93=14
47 47 51 (3,6) 16 16.000000 Q91=18 Q92=16 Q93=14
48 48 58 (2,7) 16 16.000000 Q91=18 Q92=16 Q93=14
49 49 59 (3,7) 16 16.000000 Q91=18 Q92=16 Q93=14
50 50 52 (4,6) 16 16.000000 Q91=18 Q92=16 Q93=14
51 51 45 (5,5) 16 16.000000 Q91=18 Q92=16 Q93=14
52 52 38 (6,4) 16 16.000000 Q91=18 Q92=16 Q93=14
53 53 31 (7,3) 16 16.000000 Q91=18 Q92=16 Q93=14
54 54 39 (7,4) 16 16.000000 Q91=18 Q92=16 Q93=14
55 55 46 (6,5) 16 16.000000 Q91=18 Q92=16 Q93=14
56 56 53 (5,6) 16 16.000000 Q91=18 Q92=16 Q93=14
57 57 60 (4,7) 16 16.000000 Q91=18 Q92=16 Q93=14
58 58 61 (5,7) 16 16.000000 Q91=18 Q92=16 Q93=14
59 59 54 (6,6) 16 16.000000 Q91=18 Q92=16 Q93=14
60 60 47 (7,5) 16 16.000000 Q91=18 Q92=16 Q93=14
61 61 55 (7,6) 16 16.000000 Q91=18 Q92=16 Q93=14
62 62 62 (6,7) 16 16.000000 Q91=18 Q92=16 Q93=14
63 63 63 (7,7) 16 16.000000 Q91=18 Q92=16 Q93=14

Derived chroma 8x8 preset natural-index order
[0, 1, 8, 9, 16, 2, 10, 17, 3, 24, 18, 25, 11, 32, 4, 5, 12, 19, 26, 33, 40, 48, 41, 34, 27, 20, 13, 6, 7, 14, 21, 28, 35, 42, 49, 56, 57, 50, 43, 36, 29, 22, 15, 23, 30, 37, 44, 51, 58, 59, 52, 45, 38, 31, 39, 46, 53, 60, 61, 54, 47, 55, 62, 63]

As Uint8Array literals
luma8x8 = [
     2,  1,  8,  9, 17, 16, 10, 24,
     0,  3, 25, 18, 32, 11,  4, 19,
    26, 33, 40, 12, 27, 41, 34,  5,
    20, 48,  6, 28, 13, 21, 35, 42,
    15, 23, 14,  7, 31, 49, 43, 36,
    22, 56, 50, 39, 30, 44, 29, 51,
    57, 58, 47, 59, 61, 55, 63, 52,
    38, 62, 45, 37, 46, 60, 53, 54,
]

chroma4x4 = [
     0,  1,  4,  5,
     8,  2,  6,  9,
     3, 12,  7, 10,
    11, 13, 14, 15,
]

chroma8x8 = [
     0,  1,  8,  9, 16,  2, 10, 17,
     3, 24, 18, 25, 11, 32,  4,  5,
    12, 19, 26, 33, 40, 48, 41, 34,
    27, 20, 13,  6,  7, 14, 21, 28,
    35, 42, 49, 56, 57, 50, 43, 36,
    29, 22, 15, 23, 30, 37, 44, 51,
    58, 59, 52, 45, 38, 31, 39, 46,
    53, 60, 61, 54, 47, 55, 62, 63,
]

